image: map100.pgm
resolution: 0.050000
origin: [-1.450000, -9.150001, 0.000000]
negate: 0
occupied_thresh: 0.65
free_thresh: 0.196

